m	mean_eff	sd_bot_eff	sd_top_eff	mean_random	sd_bot_random	sd_top_random	mean_large	sd_bot_large	sd_top_large	mean_leverage	sd_bot_leverage	sd_top_leverage	mean_sum	sd_bot_sum	sd_top_sum	mean_true_displace	sd_bot_true_displace	sd_top_true_displace	
2.000000000000000e+00	4.941047228422017e-01	4.409597042730012e-01	5.472734367091837e-01	8.196949462458962e-01	6.341833497605918e-01	1.005515790358100e+00	6.485181735794858e-01	6.150468417185874e-01	6.820106009052591e-01	5.562651219178265e-01	5.246360184714810e-01	5.878887768035329e-01	7.562439970250612e-01	7.090687754409470e-01	8.034275515119614e-01	3.780482317771141e-02	1.765136554602860e-02	5.798672685695544e-02	
3.000000000000000e+00	4.912980796398603e-01	4.396085242301551e-01	5.430053521465517e-01	7.871094489641736e-01	5.510729283547564e-01	1.023066670888512e+00	6.481548928668039e-01	6.076709343400201e-01	6.886373184855199e-01	5.565429341229035e-01	5.201051627080508e-01	5.929833323424729e-01	7.432538621837043e-01	7.011505657683724e-01	7.853617643714683e-01	3.822153691531109e-02	1.806970973326243e-02	5.837857611631860e-02	
4.000000000000000e+00	4.916199810754582e-01	4.493697682606435e-01	5.338859120145666e-01	7.569088984082936e-01	4.976129442332201e-01	1.016228891947509e+00	6.507576029004603e-01	6.014333920147311e-01	7.000884497535815e-01	5.550821987960354e-01	5.128468342087580e-01	5.972868450298193e-01	7.373327077121379e-01	6.965552325886638e-01	7.781140632470440e-01	3.823503736758368e-02	1.804461271893852e-02	5.840207140262430e-02	
5.000000000000000e+00	4.869716497916327e-01	4.454849317579868e-01	5.284388377334693e-01	7.210489975667030e-01	4.442624359008721e-01	9.977271797128221e-01	6.507201228799697e-01	5.899235100678938e-01	7.115274663275627e-01	5.590280421727499e-01	5.097903686831313e-01	6.083088592384223e-01	7.323801222090652e-01	6.901972979179978e-01	7.745895221921728e-01	3.787984921485033e-02	1.771848517346676e-02	5.802834618440733e-02	
6.000000000000000e+00	4.879094844109138e-01	4.499328224413388e-01	5.258948610706810e-01	6.849092144499421e-01	4.008242414816016e-01	9.689310631894060e-01	6.503897196298133e-01	5.773538299627673e-01	7.233883677464361e-01	5.595800047777184e-01	5.001849835472479e-01	6.189680102162518e-01	7.266086649402548e-01	6.814656076970469e-01	7.719261035309095e-01	3.817089347100630e-02	1.783927515999217e-02	5.850304832740301e-02	
7.000000000000000e+00	4.838696132431529e-01	4.471421581317310e-01	5.206243086309572e-01	6.566120744363384e-01	3.639646315479979e-01	9.493026346211537e-01	6.545849054914239e-01	5.665753581972506e-01	7.426068833342817e-01	5.641666830378381e-01	4.933891807565268e-01	6.349469339236560e-01	7.199240540819448e-01	6.705396203617907e-01	7.693545637750395e-01	3.809888022029755e-02	1.832579595624433e-02	5.783326175014813e-02	
8.000000000000000e+00	4.809991409098804e-01	4.444169231303756e-01	5.175781260435386e-01	6.279019411299374e-01	3.326450762565625e-01	9.230890348317646e-01	6.610075722071438e-01	5.572006285795754e-01	7.648229440769806e-01	5.673888369206752e-01	4.867809409548621e-01	6.479069603337806e-01	7.133737934386599e-01	6.587632332827212e-01	7.679884842193038e-01	3.785790921040053e-02	1.766672369572410e-02	5.805308431571782e-02	
9.000000000000000e+00	4.817136138952390e-01	4.474262283669859e-01	5.159985173932036e-01	5.984800863487382e-01	2.997402077581643e-01	8.972118700790194e-01	6.609292312817135e-01	5.423671124829440e-01	7.793960964727313e-01	5.748368902565509e-01	4.794423354351269e-01	6.702691132016294e-01	7.055873451438414e-01	6.450908020531495e-01	7.660671742263987e-01	3.785291856539648e-02	1.777924988687792e-02	5.792183088728509e-02	
1.000000000000000e+01	4.782016129591986e-01	4.434461952263802e-01	5.129675496214128e-01	5.700737897388013e-01	2.757627823713890e-01	8.643254919737882e-01	6.685546638923230e-01	5.357920826845805e-01	8.013496803896011e-01	5.793344183145424e-01	4.733824268334086e-01	6.852969000202164e-01	6.984429013115964e-01	6.326332564155407e-01	7.642825168988969e-01	3.832464964365533e-02	1.801539935269011e-02	5.864191523464007e-02	
1.100000000000000e+01	4.789375339885160e-01	4.457259884018910e-01	5.121904548345162e-01	5.381120179904013e-01	2.572353593050325e-01	8.188980115152322e-01	6.720256149109903e-01	5.270102758927844e-01	8.170018915024841e-01	5.860774749178916e-01	4.670894987412214e-01	7.052027924550029e-01	6.887273576139168e-01	6.184733468704641e-01	7.591259626955132e-01	3.778046454359371e-02	1.757851979291129e-02	5.799392357894748e-02	
1.200000000000000e+01	4.751897935137416e-01	4.420275525036028e-01	5.083526902061735e-01	5.368243621507484e-01	2.521048668784799e-01	8.218687525528198e-01	6.796385881799412e-01	5.222776100369155e-01	8.370302471671101e-01	5.943535098082887e-01	4.622446324482722e-01	7.262675148371071e-01	6.807027213611466e-01	6.060473099090777e-01	7.553319478841470e-01	3.807594518198414e-02	1.788972268129184e-02	5.822878847840567e-02	
1.300000000000000e+01	4.765062761932851e-01	4.443145353134668e-01	5.086882287011975e-01	5.115805464426725e-01	2.371600714618869e-01	7.855861487822142e-01	6.811035389003151e-01	5.145822073700356e-01	8.477900962061177e-01	6.022776848612449e-01	4.611982390011727e-01	7.434010783736933e-01	6.727420306966656e-01	5.957854450730999e-01	7.497528590250404e-01	3.804032823772665e-02	1.797852146378117e-02	5.806766142776626e-02	
1.400000000000000e+01	4.728432488038059e-01	4.404258913556923e-01	5.052620181910398e-01	4.916375761318534e-01	2.215148329501629e-01	7.615193932005614e-01	6.942724399082585e-01	5.212073424511586e-01	8.673016443288801e-01	6.139252517022222e-01	4.570505693158285e-01	7.707814836024889e-01	6.655070645833149e-01	5.876928973586444e-01	7.433216488325207e-01	3.809170940180772e-02	1.801319106174918e-02	5.813926439893482e-02	
1.500000000000000e+01	4.678962050173146e-01	4.367561013552540e-01	4.990242558329523e-01	4.820366418787387e-01	2.216988930520477e-01	7.423673353102742e-01	6.912479475437474e-01	5.145300836714457e-01	8.678294432089991e-01	6.236929325717002e-01	4.581546757368203e-01	7.893027936479173e-01	6.573463748860306e-01	5.806371546113560e-01	7.340518498942156e-01	3.783105738563506e-02	1.771224794089538e-02	5.792489460889927e-02	
1.600000000000000e+01	4.689787880577498e-01	4.378249801562130e-01	5.001299821710881e-01	4.618338253624938e-01	2.072474674387172e-01	7.163233682570302e-01	7.029121731005600e-01	5.288945821056473e-01	8.768704243557641e-01	6.331796869987188e-01	4.609130738289902e-01	8.054522827478907e-01	6.492643170722477e-01	5.728400615411994e-01	7.256531923316931e-01	3.827073740790800e-02	1.775490235639325e-02	5.877703401175146e-02	
1.700000000000000e+01	4.650609628123691e-01	4.342939557639376e-01	4.958314715228110e-01	4.530579786934990e-01	2.028375392361546e-01	7.032024260510128e-01	7.054927916824489e-01	5.312347210979066e-01	8.798765807674226e-01	6.478820245999228e-01	4.661135354298398e-01	8.296232100179305e-01	6.411851331551013e-01	5.662704994558025e-01	7.161017535722390e-01	3.813570385124681e-02	1.815297324020951e-02	5.811786875664046e-02	
1.800000000000000e+01	4.657974993674328e-01	4.353666969799679e-01	4.962343251772746e-01	4.411112577919786e-01	1.986943995459701e-01	6.834448361175453e-01	7.067224225436290e-01	5.348404838784360e-01	8.781883096492218e-01	6.583149060802571e-01	4.721694764966022e-01	8.444639604158243e-01	6.331621488200984e-01	5.598726003686929e-01	7.064740780263832e-01	3.777662847455230e-02	1.807741346561611e-02	5.746810724777817e-02	
1.900000000000000e+01	4.624168925352861e-01	4.322942025929691e-01	4.925426605371331e-01	4.303535039624520e-01	1.937308779342567e-01	6.668433591990131e-01	7.131135443734480e-01	5.442966200924377e-01	8.821433761472700e-01	6.728767880709551e-01	4.808093755206557e-01	8.647302549784296e-01	6.282558734436797e-01	5.586073228077678e-01	6.978990091926389e-01	3.761234648932287e-02	1.767276903919152e-02	5.754165086268509e-02	
2.000000000000000e+01	4.576671594250732e-01	4.276329472415256e-01	4.876987494622746e-01	4.148985414326237e-01	1.887727047683079e-01	6.409792480969839e-01	7.210365966515551e-01	5.540731866128992e-01	8.878555596455766e-01	6.852882564993816e-01	4.888186669230890e-01	8.818365468269255e-01	6.216489798963315e-01	5.550091096163503e-01	6.883118797736655e-01	3.787708175517201e-02	1.792591379288320e-02	5.781914824385791e-02	
2.100000000000000e+01	4.595050696805134e-01	4.297478255819140e-01	4.892496661241300e-01	4.063562079015238e-01	1.818148119778670e-01	6.305557576889222e-01	7.228525757813995e-01	5.603929616139920e-01	8.852289645418288e-01	6.996034571173277e-01	5.052824407397123e-01	8.941161184366629e-01	6.171658230908320e-01	5.539067435287029e-01	6.803273661107818e-01	3.818970271151246e-02	1.791630705658271e-02	5.845506781715288e-02	
2.200000000000000e+01	4.547498248882627e-01	4.253591688264106e-01	4.841518994951942e-01	3.958681965505168e-01	1.827961563476651e-01	6.089659099164041e-01	7.219489358192194e-01	5.669487795420364e-01	8.769638162814218e-01	7.072196215119325e-01	5.146364964048362e-01	8.997650487399136e-01	6.109726089846488e-01	5.517875045356850e-01	6.701104096142145e-01	3.753181790731917e-02	1.779836715828708e-02	5.725210597215304e-02	
2.300000000000000e+01	4.507889621902719e-01	4.213979297517184e-01	4.801695806357515e-01	3.929624857365374e-01	1.807999144314886e-01	6.051255371969244e-01	7.242075995145898e-01	5.758426887931706e-01	8.727297206893809e-01	7.234133372096276e-01	5.327497815090330e-01	9.138193544921093e-01	6.065443214114894e-01	5.502536724445918e-01	6.628392491471127e-01	3.797408766192090e-02	1.814435085780838e-02	5.780364801851844e-02	
2.400000000000000e+01	4.522928018324289e-01	4.229950143582645e-01	4.815854781773846e-01	3.818856134921231e-01	1.717079777980807e-01	5.919576335481747e-01	7.254314071171778e-01	5.861340472520414e-01	8.645998121654753e-01	7.329930525352528e-01	5.391609518522181e-01	9.268056837670565e-01	6.036335438264652e-01	5.490936921661547e-01	6.581960017223576e-01	3.786860781294738e-02	1.786096143953171e-02	5.787134871028815e-02	
2.500000000000000e+01	4.478942123508711e-01	4.184473651511192e-01	4.773392465271700e-01	3.689025972562177e-01	1.677030163890243e-01	5.699825730837136e-01	7.303706653794707e-01	5.956381274926908e-01	8.651043055952760e-01	7.458866098943672e-01	5.561418378224195e-01	9.354935084073567e-01	6.005769117735617e-01	5.487866235898100e-01	6.523506929068371e-01	3.785902159648279e-02	1.756355399449213e-02	5.813187667003927e-02	
2.600000000000000e+01	4.497009078877565e-01	4.202591906280220e-01	4.791341528397553e-01	3.676685814666831e-01	1.642935341574022e-01	5.710716562953052e-01	7.277197529332423e-01	5.980014665808373e-01	8.573677903606893e-01	7.593042244998013e-01	5.701516281413949e-01	9.480203552529721e-01	5.973771850107555e-01	5.479837738717056e-01	6.467750707005095e-01	3.807438752459534e-02	1.773157179445713e-02	5.841471384936153e-02	
2.700000000000000e+01	4.456630728584118e-01	4.170776804864921e-01	4.742461433285847e-01	3.615025150717753e-01	1.637980798549205e-01	5.590285277469565e-01	7.317823982616859e-01	6.057010182908272e-01	8.578891375275098e-01	7.718045484562016e-01	5.806711720439366e-01	9.629439620841987e-01	5.940864225856639e-01	5.465987980429204e-01	6.415734082165155e-01	3.785341423924426e-02	1.767474086767650e-02	5.804339644272372e-02	
2.800000000000000e+01	4.409770529053358e-01	4.121414512482940e-01	4.698008703259910e-01	3.508231974903173e-01	1.604547654731855e-01	5.411425411687987e-01	7.320848527970018e-01	6.116368048324130e-01	8.525281996039096e-01	7.850799729470941e-01	5.975079940535785e-01	9.731037249261930e-01	5.913204476412942e-01	5.441512600565559e-01	6.384928292737699e-01	3.800602459068168e-02	1.776660446220954e-02	5.826265910897178e-02	
2.900000000000000e+01	4.427051278776440e-01	4.139069053715485e-01	4.714995185176753e-01	3.434468123039623e-01	1.572683807603956e-01	5.296477107105539e-01	7.287376317166393e-01	6.139021959791316e-01	8.435212732435746e-01	7.879459522134327e-01	6.044551038246093e-01	9.713804223943470e-01	5.886001476106523e-01	5.436269316376408e-01	6.335596732892743e-01	3.830506370586786e-02	1.810621222920640e-02	5.849756472793964e-02	
3.000000000000000e+01	4.438837358106216e-01	4.152184408394373e-01	4.725726254632805e-01	3.390442500255347e-01	1.538274691610533e-01	5.243718888500128e-01	7.313788730219274e-01	6.237508957570270e-01	8.390055135009455e-01	7.991612585025071e-01	6.216538187903997e-01	9.767944546116052e-01	5.863872064542838e-01	5.432294284739455e-01	6.294768571712769e-01	3.798930771064312e-02	1.812864934067303e-02	5.784387196485150e-02	
3.100000000000000e+01	4.397975008581675e-01	4.114095845817144e-01	4.681921912024347e-01	3.341385861114680e-01	1.533670519958366e-01	5.146172925953691e-01	7.299307507887511e-01	6.231614149865515e-01	8.367406102501004e-01	8.110800232226093e-01	6.334525962996083e-01	9.884960410090571e-01	5.841146542203932e-01	5.419893579206915e-01	6.262582179105428e-01	3.771960703794403e-02	1.795588745236014e-02	5.747389963094350e-02	
3.200000000000000e+01	4.418861984322188e-01	4.138165212679412e-01	4.699658617113400e-01	3.280833204014507e-01	1.460882305384300e-01	5.099361466159367e-01	7.267722856236255e-01	6.267107075199237e-01	8.267880281976043e-01	8.155798333162221e-01	6.393761957282498e-01	9.918362290777738e-01	5.832473552159316e-01	5.420435019638780e-01	6.244620514958172e-01	3.784390396560215e-02	1.761285367306809e-02	5.808741563605548e-02	
3.300000000000000e+01	4.374682580251437e-01	4.090199546269303e-01	4.659084532506564e-01	3.208903508652822e-01	1.478238797659404e-01	4.938136428275967e-01	7.305949288053675e-01	6.303133359449534e-01	8.309129571700944e-01	8.257039550327032e-01	6.510388085835299e-01	1.000573637094991e+00	5.811872291440900e-01	5.408409307960849e-01	6.215308989992784e-01	3.755636907585100e-02	1.757691418539521e-02	5.754244109115933e-02	
3.400000000000000e+01	4.337398654699352e-01	4.053910659612893e-01	4.620989316054402e-01	3.176330933065425e-01	1.461359773392168e-01	4.889544326379289e-01	7.299510285107621e-01	6.357349661941056e-01	8.241904875956718e-01	8.294086087349182e-01	6.579661103319435e-01	1.000826196789021e+00	5.797123028464823e-01	5.400616077929723e-01	6.193662233107161e-01	3.796055992814079e-02	1.763749711827472e-02	5.827612760507470e-02	
3.500000000000000e+01	4.349359133299686e-01	4.063489748418232e-01	4.634941434808939e-01	3.106530253867599e-01	1.443922010093149e-01	4.768394269055684e-01	7.291130106470488e-01	6.353478877242358e-01	8.229050058548639e-01	8.381355836110644e-01	6.675123297159774e-01	1.008756778042658e+00	5.781390214345753e-01	5.387945345300907e-01	6.174846635431419e-01	3.803391643429904e-02	1.828767322603293e-02	5.779571584356914e-02	
3.600000000000000e+01	4.307489348161614e-01	4.024214614819807e-01	4.590687927185005e-01	3.090341345665118e-01	1.398307587855028e-01	4.778645371534266e-01	7.245229066275609e-01	6.360438847555325e-01	8.129539892357566e-01	8.418669820604650e-01	6.736289292432103e-01	1.010010202211872e+00	5.758405499791789e-01	5.376744279846254e-01	6.139697439880523e-01	3.822202955852286e-02	1.781026906976439e-02	5.861536307494730e-02	
3.700000000000000e+01	4.268750987973514e-01	3.987081113949004e-01	4.550352666808768e-01	3.068959370853588e-01	1.433914672505082e-01	4.704132152714691e-01	7.278552030594559e-01	6.404126528209753e-01	8.151845973683280e-01	8.424822035142379e-01	6.814003102334658e-01	1.003560735759205e+00	5.750045418727474e-01	5.370853552191390e-01	6.129347554237392e-01	3.828187482929450e-02	1.829818784844465e-02	5.825480346306416e-02	
3.800000000000000e+01	4.282429508229442e-01	4.004973133602742e-01	4.559966191851513e-01	3.031810773372488e-01	1.385239426457624e-01	4.676992870294920e-01	7.291710914658723e-01	6.434880982272366e-01	8.148640382559058e-01	8.497578754677885e-01	6.933897706660209e-01	1.005942501960336e+00	5.731397709102668e-01	5.356686356428829e-01	6.105928453944163e-01	3.803098570637482e-02	1.781179343230425e-02	5.824808792411706e-02	
3.900000000000000e+01	4.290989500424002e-01	4.010775345880069e-01	4.571108681725434e-01	2.950285570295237e-01	1.368907363249475e-01	4.532121866709870e-01	7.277070724766441e-01	6.452491017090152e-01	8.101351358325592e-01	8.481152671958493e-01	6.947593419966815e-01	1.001496761737679e+00	5.717826568975064e-01	5.348296417527334e-01	6.087261190562731e-01	3.836179554911461e-02	1.836365622174997e-02	5.835536932865340e-02	
4.000000000000000e+01	4.250432715135644e-01	3.969642132814741e-01	4.531193378779402e-01	2.927658525091973e-01	1.346063018730036e-01	4.509814152740408e-01	7.286821028332581e-01	6.476315983972235e-01	8.097294045960020e-01	8.496098174329574e-01	6.995498103915057e-01	9.996544293075266e-01	5.706723298019981e-01	5.342810910463407e-01	6.070637810834827e-01	3.806025748416095e-02	1.795236791339700e-02	5.817687105965898e-02	
4.100000000000000e+01	4.276282293137277e-01	4.003434436910430e-01	4.549137340459486e-01	2.878933018502708e-01	1.317644873314087e-01	4.435243003961271e-01	7.263314154373696e-01	6.506049095243857e-01	8.020449532147954e-01	8.508237205746911e-01	7.089836504503509e-01	9.925693507188750e-01	5.691469812289534e-01	5.331458565303906e-01	6.051473071216567e-01	3.789757226973715e-02	1.772807627123627e-02	5.804764765012785e-02	
4.200000000000000e+01	4.228520846200321e-01	3.953029009384714e-01	4.504027684167485e-01	2.866781821027957e-01	1.332117783614802e-01	4.401436439044974e-01	7.294223958995617e-01	6.533000505303099e-01	8.057731572658695e-01	8.490429251635898e-01	7.093310018937934e-01	9.886556626422834e-01	5.678312175884260e-01	5.325404661695371e-01	6.031302224338111e-01	3.813390117815475e-02	1.768164307523876e-02	5.857365479052195e-02	
4.300000000000000e+01	4.189594097861735e-01	3.920789183555594e-01	4.458258902082146e-01	2.833699048576743e-01	1.300515322237356e-01	4.365698432194344e-01	7.259275359733782e-01	6.529053384152570e-01	7.989235051245301e-01	8.509768375113432e-01	7.179013435634929e-01	9.841423795561052e-01	5.668786564871600e-01	5.315696982720443e-01	6.021852426348410e-01	3.784885458488169e-02	1.803387712104378e-02	5.767274671720728e-02	
4.400000000000000e+01	4.209548091614478e-01	3.936196105026531e-01	4.482600668384498e-01	2.776390619319977e-01	1.289817196575636e-01	4.262609834673343e-01	7.264528938921915e-01	6.555192489463565e-01	7.974190919792886e-01	8.458042177647374e-01	7.149458803195206e-01	9.766455521199000e-01	5.660818293699105e-01	5.303324012994362e-01	6.018120215849764e-01	3.816189528661300e-02	1.811631982203709e-02	5.822145621747586e-02	
4.500000000000000e+01	4.211798036122190e-01	3.937777621085197e-01	4.485813350708761e-01	2.739254928491561e-01	1.280890316980912e-01	4.196023072031188e-01	7.234555796600514e-01	6.529339551522325e-01	7.939712785367961e-01	8.501179731007764e-01	7.224896170346801e-01	9.775658920558149e-01	5.646016412440016e-01	5.303713757333827e-01	5.988284756987751e-01	3.772544895834880e-02	1.754035303909448e-02	5.792029444329418e-02	
4.600000000000000e+01	4.167062564934551e-01	3.891135427398270e-01	4.442916763555755e-01	2.737324470784909e-01	1.248601284327227e-01	4.226479069362736e-01	7.245482019569673e-01	6.563965928680179e-01	7.927556358991109e-01	8.458956327257019e-01	7.194145528313348e-01	9.723158181317985e-01	5.628760646441298e-01	5.285218749648097e-01	5.972435120121052e-01	3.794854928368329e-02	1.788022417206256e-02	5.802171048816489e-02	
4.700000000000000e+01	4.193608351569370e-01	3.919770099060280e-01	4.467433668847588e-01	2.668251835695410e-01	1.257438964572360e-01	4.078784372540905e-01	7.231781950394532e-01	6.569327797425135e-01	7.894816666170014e-01	8.439079440682832e-01	7.241505488760380e-01	9.636345472383988e-01	5.618779767448019e-01	5.272378366852251e-01	5.965267045508889e-01	3.822029889811464e-02	1.811542031599146e-02	5.832241858999668e-02	
4.800000000000000e+01	4.154231371636803e-01	3.883543264729389e-01	4.424803715689017e-01	2.629117280305794e-01	1.220253427401421e-01	4.038080890069945e-01	7.249098535228162e-01	6.581426981543362e-01	7.916660951121101e-01	8.419338974599334e-01	7.249839636365707e-01	9.588574559090048e-01	5.608021365526114e-01	5.269452382131654e-01	5.946574910891447e-01	3.789364382384256e-02	1.794852965877282e-02	5.783876121652146e-02	
4.900000000000000e+01	4.111682355937493e-01	3.837585423186666e-01	4.385560689218339e-01	2.642788108483834e-01	1.245079253113144e-01	4.040659550220041e-01	7.211486967074140e-01	6.579073217312458e-01	7.843820162005720e-01	8.390004816167211e-01	7.292509245365260e-01	9.487715681662792e-01	5.595932870889893e-01	5.253540635742346e-01	5.938563849510381e-01	3.831734215224220e-02	1.806176288038983e-02	5.855201226051633e-02	
5.000000000000000e+01	4.133226782429277e-01	3.857985776093592e-01	4.408349714632078e-01	2.588029903631932e-01	1.186634711398497e-01	3.989896905950527e-01	7.225966028441735e-01	6.572959845539955e-01	7.879307207213018e-01	8.368060907928592e-01	7.293840697075671e-01	9.443145664705396e-01	5.586128864896935e-01	5.250370659285960e-01	5.921923603679993e-01	3.821181520379691e-02	1.785319021781550e-02	5.855440871437338e-02	
5.100000000000000e+01	4.132925565517423e-01	3.864463354837172e-01	4.401696217861132e-01	2.543706754513851e-01	1.150900301631862e-01	3.936440857217540e-01	7.203021673339161e-01	6.584665197626282e-01	7.820916637920182e-01	8.334871849715555e-01	7.309980821959426e-01	9.358861684876657e-01	5.571295703254970e-01	5.239215719067661e-01	5.903059897392715e-01	3.806420604245240e-02	1.796088108404630e-02	5.818088021168351e-02	
5.200000000000000e+01	4.095581526668507e-01	3.826641262945693e-01	4.364378559255119e-01	2.520994149529234e-01	1.167337510189771e-01	3.874649858510644e-01	7.211852800401906e-01	6.598197461874459e-01	7.825496545054527e-01	8.315602860239344e-01	7.304246306716159e-01	9.327248255885402e-01	5.563467962904148e-01	5.236352345392378e-01	5.890261542819704e-01	3.795298231974138e-02	1.783142812144645e-02	5.806012139256140e-02	
5.300000000000000e+01	4.119620708412555e-01	3.859830721028746e-01	4.379694321583198e-01	2.513027755399398e-01	1.184186605576513e-01	3.841257917396531e-01	7.194462627726390e-01	6.601021165611324e-01	7.787918404363422e-01	8.269828410499392e-01	7.296647340013798e-01	9.243278695451721e-01	5.554692516192828e-01	5.227835995001431e-01	5.881185100309843e-01	3.756884699483225e-02	1.756120540929978e-02	5.756553502389533e-02	
5.400000000000000e+01	4.121405397713614e-01	3.849414650272577e-01	4.393341956979225e-01	2.450867363793504e-01	1.117900203553668e-01	3.784049028707590e-01	7.205618628964229e-01	6.605506671837582e-01	7.805433491932999e-01	8.265355101415182e-01	7.302069206519841e-01	9.228961229481849e-01	5.541775852634461e-01	5.210899147877072e-01	5.872510254463138e-01	3.846020502047755e-02	1.814659243980949e-02	5.877136327993254e-02	
5.500000000000000e+01	4.081765464465308e-01	3.813868733305321e-01	4.349562608925179e-01	2.446627655588399e-01	1.124671221029981e-01	3.768914205309358e-01	7.176342233241502e-01	6.596661407553934e-01	7.756063629979595e-01	8.223168979108395e-01	7.295537137880378e-01	9.151125896401271e-01	5.536137957334422e-01	5.207098735623703e-01	5.865178649296539e-01	3.814162298057849e-02	1.774673560625999e-02	5.852637575713397e-02	
5.600000000000000e+01	4.104083206813017e-01	3.834074715132884e-01	4.374525966797198e-01	2.405989318062834e-01	1.121064562573734e-01	3.691000781889586e-01	7.191068713925489e-01	6.615036812454356e-01	7.767355572273588e-01	8.214814446806989e-01	7.319947185496172e-01	9.110311307634661e-01	5.526726462969876e-01	5.196877209583762e-01	5.856516404329954e-01	3.821231811023166e-02	1.789756436467906e-02	5.852777419483834e-02	
5.700000000000000e+01	4.059519109379042e-01	3.796329126839820e-01	4.322676084823796e-01	2.392946670103255e-01	1.115643000594818e-01	3.669988885499937e-01	7.158117385872389e-01	6.593944672172029e-01	7.722158192194816e-01	8.173101726683211e-01	7.291579900611510e-01	9.053962223754173e-01	5.512210335143023e-01	5.191069132610709e-01	5.833386154876505e-01	3.820862622874845e-02	1.791224898727264e-02	5.850131464551508e-02	
5.800000000000000e+01	4.022687135498805e-01	3.757640572216149e-01	4.287381757230177e-01	2.387844737354524e-01	1.121416979542180e-01	3.654448063866318e-01	7.174484796248797e-01	6.616112086197249e-01	7.732719154116928e-01	8.141889173667575e-01	7.303592782505508e-01	8.980280511781400e-01	5.504288567664959e-01	5.186250961989854e-01	5.822120992925831e-01	3.767670490320769e-02	1.743129746690384e-02	5.790607875711305e-02	
5.900000000000000e+01	3.987331235425106e-01	3.724164776772426e-01	4.250533824531689e-01	2.351239652497879e-01	1.096779541374151e-01	3.605277218946490e-01	7.155457164159438e-01	6.608333663303139e-01	7.703118762444350e-01	8.109685789053714e-01	7.276225141047558e-01	8.942231257625489e-01	5.497046392537152e-01	5.180070722676143e-01	5.813953700450631e-01	3.818865029207811e-02	1.802935446632438e-02	5.834715191204242e-02	
6.000000000000000e+01	4.009895374311439e-01	3.744737886388942e-01	4.275066094807112e-01	2.317579070276002e-01	1.079744337885478e-01	3.554887560268786e-01	7.163277142550112e-01	6.613481673602221e-01	7.712603853909878e-01	8.072062838917988e-01	7.275639595190936e-01	8.868538251379492e-01	5.480512472513090e-01	5.165033575736449e-01	5.796106210150134e-01	3.802034867175681e-02	1.781969771530781e-02	5.822780587365216e-02	
6.100000000000000e+01	4.006682840476609e-01	3.741829711301410e-01	4.271446512668739e-01	2.299461109958957e-01	1.076346049639087e-01	3.521529668383752e-01	7.125991232598443e-01	6.579135090382533e-01	7.672829039045002e-01	8.027912447256587e-01	7.248919767642176e-01	8.807145093255563e-01	5.471109733285653e-01	5.154780800864704e-01	5.787432814354712e-01	3.816269393227571e-02	1.773273910949717e-02	5.856604707150964e-02	
6.200000000000000e+01	3.968898966221278e-01	3.705746743555074e-01	4.232162315253516e-01	2.301432774885560e-01	1.066977986801067e-01	3.535003427448497e-01	7.144252237659839e-01	6.609437564461800e-01	7.678619183624474e-01	8.010228216546788e-01	7.265456272517952e-01	8.754974336736002e-01	5.460500315868436e-01	5.145575866966461e-01	5.775393118895605e-01	3.774474462020864e-02	1.764669303881249e-02	5.784025955194549e-02	
6.300000000000000e+01	3.997550216420615e-01	3.733105668828149e-01	4.262079391573254e-01	2.255317862600052e-01	1.065591454867429e-01	3.444132461861266e-01	7.121836223897325e-01	6.594258636710630e-01	7.649423397256493e-01	7.981136773096252e-01	7.229588347387265e-01	8.732459851708035e-01	5.454891054431785e-01	5.138301691706156e-01	5.771409230640989e-01	3.799380508731899e-02	1.787334495315073e-02	5.811396790620758e-02	
6.400000000000000e+01	3.954913602578202e-01	3.691294857481540e-01	4.218552161231469e-01	2.235468135345587e-01	1.044981223535687e-01	3.424932069927047e-01	7.133299789644489e-01	6.614297804238096e-01	7.652044929986178e-01	7.950330790555901e-01	7.219564170366478e-01	8.681661714152524e-01	5.443131471955991e-01	5.130520680908783e-01	5.755593767755484e-01	3.812102733654002e-02	1.792282747610610e-02	5.829305504322461e-02	
6.500000000000000e+01	3.919468651678424e-01	3.660896976181996e-01	4.178033317184978e-01	2.235648287010495e-01	1.040127025771486e-01	3.430932989771819e-01	7.107814213909468e-01	6.587927513468249e-01	7.627580537023021e-01	7.919647229843398e-01	7.209214305643337e-01	8.630021333892560e-01	5.435125976551922e-01	5.120720199154136e-01	5.749450894384335e-01	3.808747471640515e-02	1.767230481870618e-02	5.848946230170138e-02	
6.600000000000000e+01	3.877659035828743e-01	3.623642900868023e-01	4.131123276287541e-01	2.214259544091521e-01	1.021948289920179e-01	3.406631783148674e-01	7.110945716039466e-01	6.608647128284365e-01	7.613272302608975e-01	7.893061463786643e-01	7.199585401995017e-01	8.586318985631269e-01	5.423855277139027e-01	5.114123282511264e-01	5.733353952696807e-01	3.805611860095728e-02	1.789906288480789e-02	5.821688189514793e-02	
6.700000000000000e+01	3.901545771130940e-01	3.643737636936749e-01	4.159540246471534e-01	2.167277598612981e-01	1.010576392382538e-01	3.323808283514431e-01	7.080485483470197e-01	6.579922305854511e-01	7.580873294561951e-01	7.848147899372815e-01	7.166462929424280e-01	8.529239260269402e-01	5.407349198252457e-01	5.098483033020565e-01	5.716158673266103e-01	3.778908059053723e-02	1.751307417034441e-02	5.802891401167642e-02	
6.800000000000000e+01	3.898115462551693e-01	3.639373634028847e-01	4.156904309580168e-01	2.167870954029236e-01	9.985837916034314e-02	3.337188828451137e-01	7.088375042463073e-01	6.584922384712407e-01	7.591816635092629e-01	7.813401726269391e-01	7.163339391781812e-01	8.464279046665369e-01	5.402878992733249e-01	5.093232367773445e-01	5.712702747804853e-01	3.768416322771525e-02	1.774586789858879e-02	5.762362142484621e-02	
6.900000000000000e+01	3.861669534050945e-01	3.603578493202714e-01	4.119834977274150e-01	2.162785280176920e-01	1.009629316919305e-01	3.316299681169554e-01	7.069138007011554e-01	6.578817360114126e-01	7.559472342414042e-01	7.794692922418741e-01	7.151742019971526e-01	8.437516809491490e-01	5.390267488177705e-01	5.081976797052734e-01	5.699209107054796e-01	3.802776451110073e-02	1.793623045351581e-02	5.810492210657066e-02	
7.000000000000000e+01	3.887395409690940e-01	3.627603220185713e-01	4.147208268540968e-01	2.127074029509476e-01	1.011119163488985e-01	3.242815852737453e-01	7.085208159239335e-01	6.595725563347420e-01	7.574618516877631e-01	7.764471464020125e-01	7.127191833215563e-01	8.401952991056582e-01	5.382109605751165e-01	5.073167603081608e-01	5.691094224780877e-01	3.783831357691847e-02	1.800451908054741e-02	5.767699388496888e-02	
7.100000000000000e+01	3.850515736643479e-01	3.596010104774534e-01	4.105120887426557e-01	2.114468544115665e-01	9.924092325884225e-02	3.236106497563791e-01	7.047435237884132e-01	6.569119677691320e-01	7.525782736763842e-01	7.725509797280092e-01	7.100938725104367e-01	8.350954398587950e-01	5.374065548123220e-01	5.062531694610001e-01	5.685515942997724e-01	3.786623751700685e-02	1.796913168578122e-02	5.776308699159503e-02	
7.200000000000000e+01	3.813574907260663e-01	3.555196666769624e-01	4.071982301623390e-01	2.089336657983523e-01	9.549717313582116e-02	3.223719150929364e-01	7.057757502220484e-01	6.571788524982238e-01	7.543803154025736e-01	7.683781802999786e-01	7.077768348177346e-01	8.289932417388237e-01	5.363150687976780e-01	5.053671326971749e-01	5.672359940120367e-01	3.815616372514925e-02	1.789621808953579e-02	5.841742215847755e-02	
7.300000000000000e+01	3.779887177596660e-01	3.527195427300256e-01	4.032502335288475e-01	2.094868588504723e-01	9.744111843532896e-02	3.214105709146170e-01	7.038944876544054e-01	6.562097513714737e-01	7.515854277150709e-01	7.666811698769392e-01	7.068117879672637e-01	8.265456735549717e-01	5.355805825191914e-01	5.050130780188751e-01	5.661414666382275e-01	3.782446848471738e-02	1.791318988241289e-02	5.773596049180966e-02	
7.400000000000000e+01	3.806302960566343e-01	3.550964345600702e-01	4.061481621165374e-01	2.067087632273689e-01	9.732374774279855e-02	3.160849231005707e-01	7.049250602999174e-01	6.574844104099132e-01	7.523586195560217e-01	7.631737250930722e-01	7.058384932175983e-01	8.205351379771668e-01	5.344211063227722e-01	5.039480413988813e-01	5.648722301812321e-01	3.809375265364461e-02	1.801896577128224e-02	5.816345193561425e-02	
7.500000000000000e+01	3.794956297871852e-01	3.536316050257794e-01	4.053601852896098e-01	2.045111910026309e-01	9.669729908496148e-02	3.123441416617052e-01	7.019009289629754e-01	6.546688969752924e-01	7.491287021973242e-01	7.598131146441571e-01	7.022400293645378e-01	8.173816557380226e-01	5.328477367795050e-01	5.019311228802840e-01	5.637389344094360e-01	3.807072309780501e-02	1.803703614589851e-02	5.808911084297388e-02	
7.600000000000000e+01	3.762049941627341e-01	3.509684978439335e-01	4.014406301710777e-01	2.018799820575557e-01	9.410223656323191e-02	3.095667270074395e-01	7.022044798888925e-01	6.556492422364893e-01	7.487428734625788e-01	7.556565709553859e-01	6.993621541944589e-01	8.119782520787804e-01	5.319464587285488e-01	5.015309364832324e-01	5.623684311543877e-01	3.783963739300159e-02	1.773902449798070e-02	5.793845773485078e-02	
7.700000000000000e+01	3.720065340343690e-01	3.469496015810072e-01	3.970689142098514e-01	1.987326236658117e-01	9.367614632191561e-02	3.037188294518413e-01	6.984368951662876e-01	6.520476868412916e-01	7.448301847762209e-01	7.515032084550846e-01	6.960258104544000e-01	8.069891013143025e-01	5.306135218374181e-01	5.006380968666012e-01	5.605911224162177e-01	3.793682062758150e-02	1.780070275299735e-02	5.807033815619754e-02	
7.800000000000000e+01	3.754945834382341e-01	3.505130225161966e-01	4.004747934699768e-01	2.004316560542108e-01	9.385089164293346e-02	3.069915255356310e-01	7.012847081319503e-01	6.562051766598818e-01	7.463766717842838e-01	7.502243206888096e-01	6.971559582918256e-01	8.033346892926702e-01	5.307954153450375e-01	5.001862986857040e-01	5.614045043807206e-01	3.780064049417334e-02	1.778596984291225e-02	5.781255776122308e-02	
7.900000000000000e+01	3.741449763428707e-01	3.490552463280565e-01	3.992384708869975e-01	1.958807189256097e-01	9.192127404156450e-02	2.997194047622305e-01	6.972125781705305e-01	6.515446323246795e-01	7.428663432318142e-01	7.454933175558189e-01	6.924194956111477e-01	7.985652955497816e-01	5.288906904614022e-01	4.987994819262588e-01	5.589756453815158e-01	3.771587052999192e-02	1.778884269514644e-02	5.764735605442980e-02	
8.000000000000000e+01	3.708342045758038e-01	3.456986527787071e-01	3.959738600514138e-01	1.964929329350456e-01	9.245402512894615e-02	3.005230209878977e-01	6.985527366824819e-01	6.525579926404129e-01	7.445346692702856e-01	7.430814271349607e-01	6.900088885047885e-01	7.962053788725900e-01	5.275281622783616e-01	4.972568743214725e-01	5.578154310385743e-01	3.807605423622284e-02	1.754092248373314e-02	5.860965884722756e-02	
8.100000000000000e+01	3.736557066630238e-01	3.490495119723625e-01	3.982564337770505e-01	1.957819599133947e-01	9.133241219483720e-02	3.001381225504317e-01	6.954522492330684e-01	6.503534962080265e-01	7.405533179904014e-01	7.394350805173056e-01	6.866036456556606e-01	7.923057986427097e-01	5.268554936617675e-01	4.963836480485069e-01	5.573091086980723e-01	3.796953569307360e-02	1.788515454607425e-02	5.803151713598061e-02	
8.200000000000000e+01	3.700788643166921e-01	3.450992851270942e-01	3.950657448388857e-01	1.939126714803109e-01	9.178840665667128e-02	2.960525044228768e-01	6.964380355404055e-01	6.517947771589081e-01	7.410920741204063e-01	7.359951053768670e-01	6.854295534624213e-01	7.865597424391838e-01	5.257222975428745e-01	4.953103794096139e-01	5.561486841686799e-01	3.772073560391816e-02	1.759413464124917e-02	5.784164664202381e-02	
8.300000000000000e+01	3.661000309968529e-01	3.412630254983345e-01	3.909410235442315e-01	1.924770502184978e-01	8.897475555043573e-02	2.959683863506103e-01	6.926488204093555e-01	6.481896015335954e-01	7.371401193994158e-01	7.323622384527266e-01	6.815287406041592e-01	7.831842691587597e-01	5.241993747565848e-01	4.938734524841552e-01	5.545310677307107e-01	3.772911098852435e-02	1.762205637826594e-02	5.784206084859265e-02	
8.400000000000000e+01	3.631195068064542e-01	3.383692245099926e-01	3.878783140556201e-01	1.913570504633657e-01	8.779569354430522e-02	2.948964200238204e-01	6.945035812629834e-01	6.496587783854770e-01	7.393441840593434e-01	7.293888931678207e-01	6.795178923624563e-01	7.792113512130107e-01	5.235199329996896e-01	4.935026159676444e-01	5.535381575959206e-01	3.784934681582677e-02	1.786179191018812e-02	5.783739999874251e-02	
8.500000000000000e+01	3.597660465328180e-01	3.351342645815195e-01	3.843765770754961e-01	1.912505493221426e-01	9.020283047683599e-02	2.922780759907321e-01	6.911512740016926e-01	6.474548469038078e-01	7.348390136079710e-01	7.265824575045245e-01	6.775530969671437e-01	7.756215614405703e-01	5.226936962050011e-01	4.923677575912759e-01	5.530113241499223e-01	3.793833063184859e-02	1.788476966420623e-02	5.798453860523608e-02	
8.600000000000000e+01	3.624363606434408e-01	3.374386859917131e-01	3.874323148163889e-01	1.888476255112441e-01	8.781075694099343e-02	2.898050745258462e-01	6.917643274674332e-01	6.477155991173097e-01	7.358140880235414e-01	7.224792032858860e-01	6.731158552681953e-01	7.718074104189822e-01	5.211551313865463e-01	4.904190600152007e-01	5.518412928258121e-01	3.850981515836449e-02	1.821588211582090e-02	5.877898728719639e-02	
8.700000000000000e+01	3.616093835635264e-01	3.371412833695530e-01	3.860697245683830e-01	1.855363581199844e-01	8.638278647432225e-02	2.846838486700884e-01	6.892135376676358e-01	6.462978396579476e-01	7.321414293970183e-01	7.198819241433227e-01	6.723337223718860e-01	7.674027111394481e-01	5.206673504474867e-01	4.906108559226943e-01	5.507465361166964e-01	3.784995693418832e-02	1.800702364786779e-02	5.769318742794272e-02	
8.800000000000000e+01	3.581561256400197e-01	3.334439451236546e-01	3.828701427258667e-01	1.862151386860977e-01	8.628600105330854e-02	2.861682043470904e-01	6.859012771081194e-01	6.430898086699887e-01	7.287420125458732e-01	7.165303339673195e-01	6.694469563543252e-01	7.635869200019643e-01	5.189018475028148e-01	4.884586865789195e-01	5.492904362988381e-01	3.798319034719717e-02	1.787647985468147e-02	5.808269499916616e-02	
8.900000000000000e+01	3.547404888915817e-01	3.308353370365542e-01	3.786189917921459e-01	1.839706176955609e-01	8.613280873055880e-02	2.817221966968825e-01	6.868315514442079e-01	6.443614862084335e-01	7.293521574159857e-01	7.127604049182301e-01	6.666377156383297e-01	7.588857045277925e-01	5.180408293424656e-01	4.883217303131615e-01	5.477530029711202e-01	3.757145810943299e-02	1.754573445213375e-02	5.760524425177242e-02	
9.000000000000000e+01	3.572787252594241e-01	3.324507701979048e-01	3.821096078423749e-01	1.846707332554542e-01	8.612385938480632e-02	2.831420453871533e-01	6.831688313532023e-01	6.403012961909893e-01	7.260515488276907e-01	7.094526021042868e-01	6.630813824197745e-01	7.558279642577543e-01	5.169237065166206e-01	4.863798592827042e-01	5.474704455808171e-01	3.805362737153333e-02	1.760293544692340e-02	5.850186173875920e-02	
9.100000000000000e+01	3.567968190325900e-01	3.325347981612233e-01	3.810257814660258e-01	1.836250596417017e-01	8.559297710519252e-02	2.816759420624217e-01	6.853803175148097e-01	6.424448062092323e-01	7.283167967929193e-01	7.073592888258361e-01	6.613534506522515e-01	7.533620534184267e-01	5.163421538725044e-01	4.856669012291933e-01	5.470406977713884e-01	3.813786629966268e-02	1.762248547481533e-02	5.863525265433275e-02	
9.200000000000000e+01	3.529454546548584e-01	3.286535236095617e-01	3.772391725566694e-01	1.790961225704553e-01	8.421581460716897e-02	2.738469088607184e-01	6.809607276356385e-01	6.387465044013015e-01	7.231730616191970e-01	7.025703782146229e-01	6.572937438544957e-01	7.478784013565211e-01	5.144093071244705e-01	4.837678416192072e-01	5.450169155597383e-01	3.815155396883593e-02	1.796732005546068e-02	5.834121734772319e-02	
9.300000000000000e+01	3.497616871229677e-01	3.256516886090263e-01	3.738338685824764e-01	1.788922551511107e-01	8.390596635940582e-02	2.738731370039478e-01	6.813894598586343e-01	6.390689461833641e-01	7.236900244659770e-01	6.988503120276921e-01	6.547258982438182e-01	7.429676175590740e-01	5.133023698203705e-01	4.828769237107847e-01	5.437226986195911e-01	3.755986585269191e-02	1.772636055938624e-02	5.739336329831734e-02	
9.400000000000000e+01	3.524834357863129e-01	3.281868372335778e-01	3.767810131267296e-01	1.789690622933506e-01	8.322121823313321e-02	2.747098908144284e-01	6.787709871127419e-01	6.367716066734258e-01	7.207950293474187e-01	6.961700029227672e-01	6.519977648869982e-01	7.403501919969533e-01	5.121522736791830e-01	4.817579719709283e-01	5.425299723973841e-01	3.804967399178812e-02	1.794989042929147e-02	5.814689420723163e-02	
9.500000000000000e+01	3.490703184528453e-01	3.250316579524554e-01	3.731246866248669e-01	1.790644401142577e-01	8.474527957730178e-02	2.733770187600912e-01	6.790552895189410e-01	6.364390824536096e-01	7.216359318755834e-01	6.921850523207920e-01	6.482641974050538e-01	7.360840568011323e-01	5.104428225569370e-01	4.797325145512113e-01	5.411455168337884e-01	3.817374462096487e-02	1.785700123752287e-02	5.849220993891013e-02	
9.600000000000000e+01	3.460062432850893e-01	3.222966732469193e-01	3.697161163055809e-01	1.757121152378963e-01	8.226498248381901e-02	2.691193106702148e-01	6.803400371059368e-01	6.391636736660645e-01	7.215509633028711e-01	6.891004078194545e-01	6.467313552859331e-01	7.315285597395171e-01	5.096960064949976e-01	4.793688201512388e-01	5.400201663267004e-01	3.773811883849478e-02	1.752231357657652e-02	5.796332312281148e-02	
9.700000000000000e+01	3.428141762414326e-01	3.186754696797174e-01	3.669403159142726e-01	1.739573182028630e-01	8.079629877358646e-02	2.669788179080660e-01	6.769727300747882e-01	6.355391682244809e-01	7.183482222615309e-01	6.857343677649206e-01	6.429389740808797e-01	7.285148620012836e-01	5.083393291900665e-01	4.777717766837970e-01	5.389178184529017e-01	3.821779662802725e-02	1.791266959558705e-02	5.851780852168892e-02	
9.800000000000000e+01	3.454812090918467e-01	3.220562995458557e-01	3.689023054785859e-01	1.746158066776661e-01	8.023014162477821e-02	2.689392215772135e-01	6.731168213319789e-01	6.321955897589474e-01	7.140302044828366e-01	6.818144265218465e-01	6.398752488314611e-01	7.237527114359328e-01	5.069031985665100e-01	4.764386622071233e-01	5.373676705551429e-01	3.788904474873094e-02	1.793636177741428e-02	5.783504053835207e-02	
9.900000000000000e+01	3.444530615381639e-01	3.204713881262704e-01	3.684213628926317e-01	1.728653465945400e-01	7.993055620577419e-02	2.657881602723330e-01	6.743292053622179e-01	6.333069760217658e-01	7.153887164019277e-01	6.787301306526082e-01	6.374133000905337e-01	7.200275240305932e-01	5.059789149431881e-01	4.756515186198421e-01	5.363256082659594e-01	3.817793214941925e-02	1.798131070224810e-02	5.837332440264530e-02	
1.000000000000000e+02	3.412140658971620e-01	3.170775023297993e-01	3.653440490168840e-01	1.711118734865876e-01	7.971403245652339e-02	2.625132186024206e-01	6.710885677555655e-01	6.307003522624788e-01	7.114735509981073e-01	6.754449594457765e-01	6.342307864373634e-01	7.166640433185292e-01	5.045766991368500e-01	4.738818842685830e-01	5.352876539424326e-01	3.814005417504351e-02	1.788112127932657e-02	5.840097675062175e-02	
